  1.000000  0.000000  0.000000  0.000000  0.000000  0.000000  0.000000  0.000000  0.000000  0.000000
  0.000000  1.000000
  1.000000  0.516401  0.334997  0.258164  0.223672  0.209999  0.209999  0.223672  0.258164  0.334997
  0.516401  1.000000
  1.000000  0.730910  0.566001  0.474797  0.427501  0.407388  0.407388  0.427501  0.474797  0.566001
  0.730910  1.000000
  1.000000  0.841817  0.724415  0.649076  0.606022  0.586699  0.586699  0.606022  0.649076  0.724415
  0.841817  1.000000
  1.000000  0.912755  0.842322  0.793249  0.763428  0.749539  0.749539  0.763428  0.793249  0.842322
  0.912755  1.000000
  1.000000  0.967859  0.940743  0.920789  0.908056  0.901924  0.901924  0.908056  0.920789  0.940743
  0.967859  1.000000
  1.000000  1.019002  1.034043  1.043964  1.049520  1.051913  1.051913  1.049520  1.043964  1.034043
  1.019002  1.000000
  1.000000  1.075170  1.134507  1.174360  1.197586  1.208037  1.208037  1.197586  1.174360  1.134507
  1.075170  1.000000
  1.000000  1.148151  1.256333  1.324012  1.361587  1.378054  1.378054  1.361587  1.324012  1.256333
  1.148151  1.000000
  1.000000  1.261913  1.420227  1.505952  1.549327  1.567398  1.567398  1.549327  1.505952  1.420227
  1.261913  1.000000
  1.000000  1.479859  1.657827  1.731804  1.764253  1.776861  1.776861  1.764253  1.731804  1.657827
  1.479859  1.000000
  2.000000  2.000000  2.000000  2.000000  2.000000  2.000000  2.000000  2.000000  2.000000  2.000000
  2.000000  2.000000
